1000
0	11.9	-1.456192128e-12
1	11.7607997	2.006392176e-12
2	11.62170428	-2.106219214e-12
3	11.48272862	2.55232678e-12
4	11.3438876	1.521384575e-12
5	11.2051961	-3.426376859e-12
6	11.06666897	1.046832237e-12
7	10.92832103	2.232932216e-12
8	10.79016713	-2.979433715e-13
9	10.65222212	-8.636088599e-13
10	10.51450076	3.502660248e-12
11	10.37701781	1.200789306e-12
12	10.23978809	5.305290671e-13
13	10.10282627	-2.999094382e-13
14	9.966147049	-6.145362903e-13
15	9.829765129	4.704460675e-12
16	9.693695149	-1.856500652e-12
17	9.557951689	-2.607959447e-12
18	9.422549299	1.427813842e-12
19	9.287502529	1.033589373e-12
20	9.152825839	-4.329278967e-13
21	9.018533689	-5.522400613e-13
22	8.884640479	-9.534861967e-13
23	8.751160519	3.260468912e-12
24	8.618108149	1.617848236e-12
25	8.485497529	-2.100096321e-12
26	8.353342938	-2.32658721e-12
27	8.221658418	6.040880499e-13
28	8.090458068	2.410341653e-12
29	7.959755898	-1.627903263e-12
30	7.829565858	-9.25905089e-13
31	7.699901778	2.713172105e-13
32	7.570777488	9.59384397e-13
33	7.442206728	2.364167171e-12
34	7.314203148	-7.730574431e-13
35	7.186780308	1.557181033e-12
36	7.059951738	4.055714823e-12
37	6.933730878	-5.504986879e-15
38	6.808131048	-1.076955188e-12
39	6.683165508	1.506231818e-12
40	6.558847428	3.419832665e-13
41	6.435189948	-1.199637753e-12
42	6.312205998	-2.362650491e-13
43	6.189908508	-3.891576337e-12
44	6.068310288	3.188398523e-12
45	5.947424028	-1.050666067e-12
46	5.827262388	-3.569253737e-13
47	5.707837878	4.107394292e-13
48	5.589162888	1.207277327e-12
49	5.471249718	-3.4625244e-13
50	5.354110608	2.15615731e-12
51	5.237757618	5.368710367e-12
52	5.122202778	-1.7177806e-12
53	5.007457907	-1.184807992e-12
54	4.893534797	6.628453589e-14
55	4.780445087	1.675538251e-12
56	4.668200298	2.779681334e-12
57	4.556811828	-1.692390252e-12
58	4.446290987	-1.206603246e-12
59	4.336648937	6.820566396e-13
60	4.227896717	3.037853984e-13
61	4.120045217	2.384558092e-12
62	4.013105237	-4.304000966e-13
63	3.907087427	4.315235633e-13
64	3.802002317	5.628568217e-13
65	3.697860287	8.6529406e-13
66	3.594671627	-2.019543758e-12
67	3.492446417	1.629251423e-12
68	3.391194647	2.848886883e-12
69	3.290926157	-5.860002359e-13
70	3.191650667	-2.94146054e-12
71	3.093377747	4.044480156e-15
72	2.996116757	1.509939258e-12
73	2.899876997	-5.912805294e-13
74	2.804667617	-2.440619081e-12
75	2.710497527	-6.790232795e-13
76	2.617375607	6.875616265e-14
77	2.525310527	-1.933486208e-12
78	2.434310747	-1.078528042e-13
79	2.344384697	1.206378553e-12
80	2.255540567	-9.243884089e-13
81	2.167786397	-1.938429461e-12
82	2.081130077	1.240082554e-12
83	1.995579377	1.176269645e-12
84	1.911141827	-4.118628959e-13
85	1.827824897	2.734517972e-13
86	1.745635787	-1.461405496e-12
87	1.664581637	2.795185174e-13
88	1.584669317	1.165259672e-12
89	1.505905607	3.162334095e-12
90	1.428297107	-1.318725224e-12
91	1.351850207	8.668669134e-13
92	1.276571207	2.055719386e-12
93	1.202466137	1.426128642e-12
94	1.129540937	2.15143875e-12
95	1.057801367	8.239504851e-13
96	0.9872529167	-7.19468081e-13
97	0.9179010767	5.26905887e-13
98	0.8497509767	-1.108861643e-12
99	0.7828077166	-4.395001769e-13
100	0.7170761266	-1.074034175e-13
101	0.6525609165	-1.823835857e-12
102	0.5892665865	-8.98773368e-15
103	0.5271974566	3.935503885e-12
104	0.4663576967	-1.963370422e-12
105	0.4067512967	-1.899108126e-12
106	0.3483820066	3.9856105e-12
107	0.2912534566	1.143913804e-12
108	0.2353690665	-1.914387274e-12
109	0.1807321065	-8.73832407e-13
110	0.1273456065	6.66215759e-13
111	0.0752124765	-8.455210459e-13
112	0.02433541659	-4.307371366e-13
113	-0.02528308334	-3.013137716e-12
114	-0.07364068334	9.111315018e-13
115	-0.1207352534	2.468481055e-12
116	-0.1665648435	1.398266667e-12
117	-0.2111276236	-3.166378575e-12
118	-0.2544220636	-1.005053319e-12
119	-0.2964467535	-2.229407339e-12
120	-0.3372004634	4.097957171e-12
121	-0.3766821733	-3.296251327e-13
122	-0.4148910434	-3.919550658e-12
123	-0.4518264135	-4.648905246e-13
124	-0.4874878335	-3.060323318e-13
125	-0.5218750036	-1.631273663e-13
126	-0.5549878335	-8.372073923e-13
127	-0.5868264135	1.82001607e-13
128	-0.6173910434	1.754630308e-12
129	-0.6466821734	1.518252912e-12
130	-0.6747004634	-3.966736259e-12
131	-0.7014467534	1.625206943e-12
132	-0.7269220635	2.045383492e-12
133	-0.7511276235	-8.587779531e-13
134	-0.7740648435	3.972353593e-12
135	-0.7957352535	1.467247523e-13
136	-0.8161406834	-2.287378221e-13
137	-0.8352830833	2.045608185e-12
138	-0.8531645833	2.401073052e-12
139	-0.8697875233	1.783166362e-12
140	-0.8851543934	-4.291642832e-14
141	-0.8992678934	-1.726318947e-12
142	-0.9121309334	8.461951259e-13
143	-0.9237465434	-3.482746801e-14
144	-0.9341179933	-1.890120393e-12
145	-0.9432487033	-2.633630661e-12
146	-0.9511423032	2.33905769e-13
147	-0.9578025433	1.05089076e-12
148	-0.9632334133	-2.660593862e-12
149	-0.9674390833	9.028178481e-13
150	-0.9704238733	2.180648884e-12
151	-0.9721922832	6.111658902e-14
152	-0.9727490231	2.029430265e-12
153	-0.9720989231	1.02864612e-12
154	-0.9702470831	1.035836307e-12
155	-0.9671986331	1.316702984e-12
156	-0.9629590632	1.662506037e-12
157	-0.9575338632	-6.199289305e-13
158	-0.9509287932	-3.426348772e-12
159	-0.9431497931	1.490840324e-12
160	-0.934202893	1.836868071e-12
161	-0.924094393	3.145706788e-15
162	-0.912830683	-1.796872656e-12
163	-0.9004183631	-6.370056245e-13
164	-0.8868642131	2.062235493e-12
165	-0.872175103	1.170202925e-12
166	-0.856358173	-1.228398501e-12
167	-0.8394206229	3.507912455e-12
168	-0.8213699229	-1.745193187e-12
169	-0.8022136028	-5.401627941e-13
170	-0.7819594328	8.897856343e-13
171	-0.7606153028	-9.580924102e-13
172	-0.7381892529	2.163796883e-13
173	-0.7146894729	9.895494781e-13
174	-0.6901243928	-3.720921743e-13
175	-0.6645024728	-1.909893407e-13
176	-0.6378323827	-1.953034529e-12
177	-0.6101230026	2.461740255e-12
178	-0.5813832427	3.393318851e-12
179	-0.5516222527	-5.922916495e-13
180	-0.5208493327	-1.356249012e-12
181	-0.4890738427	-4.197271628e-13
182	-0.4563053526	-4.691596981e-13
183	-0.4225535825	2.067178746e-14
184	-0.3878283725	7.307027481e-13
185	-0.3521397124	-2.187614378e-12
186	-0.3154976824	1.056508094e-12
187	-0.2779125725	7.459818954e-14
188	-0.2393947625	2.966850888e-12
189	-0.1999547825	-5.257824203e-13
190	-0.1596032825	1.092908415e-12
191	-0.1183510624	4.051220956e-12
192	-0.07620901227	2.379502492e-12
193	-0.03318817219	-2.586669753e-12
194	0.0107002978	-4.179296161e-14
195	0.05544508774	3.668792888e-12
196	0.1010347977	-4.606213511e-13
197	0.1474579077	-2.453651295e-13
198	0.1947027778	-1.062799508e-12
199	0.2427576179	2.038867385e-12
200	0.291610608	1.186380846e-12
201	-1.780070622	-1.7278918e-12
202	-2.608337112	-1.133353217e-12
203	-1.678482462	2.903037978e-13
204	0.4947623879	2.274346008e-12
205	2.668744368	2.67385077e-13
206	3.600810288	-6.453192782e-13
207	2.776228848	5.594864216e-13
208	0.7097059982	1.269966769e-12
209	-1.356130422	7.392410951e-13
210	-2.178652572	1.161664578e-12
211	-1.243154832	-2.281536195e-12
212	0.9356310483	1.142790337e-12
213	3.115051218	-7.769895766e-13
214	4.052451738	-2.705307838e-13
215	3.233100648	-1.594873341e-12
216	1.171703148	-1.602063528e-12
217	-0.8891136115	7.226137878e-13
218	-1.706722511	1.348160052e-14
219	-0.7664185614	-7.576659492e-13
220	1.417065859	-5.140983665e-13
221	3.601076239	1.660034411e-12
222	4.542958069	1.150429911e-13
223	3.727978759	-3.143010468e-12
224	1.670842939	1.381864053e-12
225	-0.3858228113	9.873025447e-13
226	-1.199391851	-2.538585378e-12
227	-0.2551598211	-1.185482072e-12
228	1.932140479	5.877977826e-13
229	4.119854059	3.267041193e-13
230	5.065325839	2.390737159e-13
231	4.253822869	1.497805818e-12
232	2.200049299	1.968313676e-12
233	0.146631319	3.235584125e-13
234	-0.663804851	3.343436929e-13
235	0.2834447891	3.62385422e-12
236	2.473647049	6.920554933e-13
237	4.664146609	7.405892552e-13
238	5.612288089	4.767992717e-13
239	4.803338149	2.500836896e-12
240	2.752000759	5.212885534e-14
241	0.7009017793	-2.331418116e-12
242	-0.1073328707	-6.385784779e-13
243	0.8420006894	3.587903285e-12
244	3.034168969	-1.857315165e-12
245	5.22651644	-2.223115926e-12
246	6.1763876	-4.305124433e-13
247	5.36904896	-2.180424191e-12
248	3.31920428	-4.260185764e-13
249	1.26947936	7.999082975e-14
250	0.4624999996	-3.550154803e-13
251	1.41296996	2.548022498e-13
252	3.60615572	1.293784263e-12
253	5.79940172	1.030893053e-12
254	6.7500524	-1.581391741e-12
255	5.94337424	9.639344371e-13
256	3.89407103	6.588008787e-13
257	1.84476863	3.591498378e-12
258	1.03809287	-2.423991773e-12
259	1.98874754	-3.29175746e-12
260	4.18199924	1.22367994e-12
261	6.37519253	4.907302589e-13
262	7.32567191	9.392181695e-14
263	6.51870407	-4.369386728e-12
264	4.46899295	-1.756203161e-12
265	2.41916453	4.272319205e-12
266	1.61184485	-1.016063292e-12
267	2.56173797	-1.478032804e-12
268	4.7541107	-2.606442767e-13
269	6.94630781	7.756414165e-13
270	7.89567416	-1.816420977e-12
271	7.08747665	1.953034529e-12
272	5.03641952	-1.968763063e-12
273	2.98512911	-7.846291502e-13
274	2.17623185	-3.801811346e-13
275	3.124432101	-4.053467889e-13
276	5.314997061	1.163012738e-12
277	7.505271921	2.215476352e-13
278	8.452601931	1.935059061e-12
279	7.642254441	6.983469069e-13
280	5.588934141	1.81597159e-12
281	3.535267881	-3.737549051e-12
282	2.723882511	1.102794922e-12
283	3.669482931	3.531280563e-12
284	5.857336851	-1.406130934e-12
285	8.044790031	-4.042682609e-12
286	8.989188261	-1.245699888e-12
287	8.175799461	-2.17368339e-12
288	6.119328951	9.603393437e-13
289	4.062404151	3.680476942e-13
290	3.247652571	-6.201536239e-14
291	4.189779711	-1.505445391e-13
292	6.374054001	-1.357147786e-13
293	8.557821861	2.230306113e-12
294	9.498429711	4.673621513e-13
295	8.681146311	-1.663180117e-12
296	6.620677611	2.5884673e-13
297	4.559651781	-1.274460636e-12
298	3.740697111	-1.067293374e-12
299	4.678519941	-6.125140503e-13
300	6.858389391	-6.790232795e-13
301	9.037652722	-7.563177891e-13
302	9.973657222	9.5269977e-14
303	9.151672432	2.224014699e-12
304	7.086405201	1.574201554e-12
305	5.020484571	1.514433125e-13
306	4.196539701	-2.435675827e-13
307	5.129277832	-8.875387009e-13
308	7.303969012	1.100997376e-12
309	9.477961402	-1.434891682e-12
310	10.40860328	-8.169849915e-13
311	9.581165152	-2.779007254e-12
312	7.510354762	-1.745867267e-12
313	5.438802232	-1.13694831e-12
314	4.609137682	-9.383193961e-13
315	5.536069372	5.392640208e-13
316	7.704868372	-1.105940629e-12
317	9.872883922	-8.497902194e-13
318	10.79746535	-2.695870717e-12
319	9.963884182	-1.425005175e-12
320	7.886849332	8.322641387e-13
321	5.808991912	1.667673984e-12
322	4.972943242	-2.682838503e-13
323	5.893412662	-8.601261131e-13
324	8.055672382	-1.02729796e-12
325	10.21707281	1.330184585e-13
326	11.13496439	1.427027415e-12
327	10.29461984	-1.045722814e-12
328	8.210749252	-8.893362476e-13
329	6.125984962	-1.067967454e-12
330	5.282959432	2.012578264e-12
331	6.196383262	1.572853394e-14
332	8.351529922	-1.7346326e-13
333	10.50575096	2.988421448e-14
334	11.41639817	-2.190984778e-12
335	10.56874544	3.098745879e-12
336	8.477504212	-2.754740373e-13
337	6.385308022	2.021341305e-12
338	5.534790682	-2.695646024e-12
339	6.440664052	6.39252558e-13
340	8.588202892	8.848423808e-13
341	10.73476013	1.371977546e-12
342	11.63768879	-4.402866036e-12
343	10.7822642	1.116501216e-12
344	8.683199062	9.066376349e-13
345	6.583128292	-6.203333786e-12
346	5.724687082	-2.410734866e-12
347	6.622588582	2.06403304e-12
348	8.762109022	1.650372597e-12
349	10.90060262	-3.54655971e-12
350	11.79542387	-2.670929756e-12
351	10.93184942	7.655302162e-13
352	8.824593412	1.003255772e-12
353	6.716292202	-1.992580557e-12
354	5.849582302	1.800243056e-12
355	6.739178362	3.790576679e-13
356	8.870357992	-3.788329746e-13
357	11.00047688	-7.774389633e-13
358	11.88689093	5.305009804e-13
359	11.01487823	8.246245651e-14
360	8.899154392	-2.839449763e-12
361	6.782357182	3.759344305e-12
362	5.907124582	-1.505445391e-12
363	6.788172742	-2.262661954e-12
364	8.910780682	-5.761137289e-13
365	11.03230559	2.118408828e-12
366	11.91010484	-9.933692649e-13
367	11.02945796	-4.008753914e-12
368	8.905082062	4.532064708e-12
369	6.779616412	-6.74080026e-16
370	5.895700462	-4.087171891e-13
371	6.768051832	-2.512071563e-13
372	8.881951042	2.680816263e-12
373	10.99475675	1.135150764e-12
374	11.86382783	6.206030106e-13
375	10.97444534	-1.902927913e-12
376	8.841327832	-5.88696556e-14
377	6.707116072	2.553190445e-12
378	5.814451042	-2.907082459e-12
379	6.678051832	3.859557535e-12
380	8.783200462	5.042118594e-13
381	10.88725709	-2.069650373e-12
382	11.74758206	-3.693958542e-13
383	10.84945796	-3.891688683e-13
384	8.707604842	-6.790232795e-13
385	6.564664912	-5.471282877e-13
386	5.663280682	-1.168854765e-12
387	6.518172742	-3.851243882e-12
388	8.614624582	1.803164069e-12
389	10.70999786	-1.823611164e-12
390	11.56165439	5.684741552e-14
391	10.65487823	-2.689129917e-12
392	8.504390932	3.039426837e-12
393	6.352836202	-6.49813145e-13
394	5.442857992	2.958761927e-12
395	6.289178362	6.482402916e-13
396	8.377082302	-2.808666775e-13
397	10.46393288	4.92078419e-14
398	11.30709341	-1.399614827e-12
399	10.39184942	1.861809032e-12
400	8.232923872	-1.695086572e-12
401	8.194282282	6.958752801e-13
402	8.154609022	5.26905887e-13
403	8.113908922	-1.144363191e-12
404	8.072187082	-8.807979006e-14
405	8.029448632	3.126832547e-12
406	7.985699062	4.365566942e-12
407	7.940943862	2.875176004e-12
408	7.895188792	-7.985601374e-13
409	7.848439792	3.134472121e-13
410	7.800702892	1.103469003e-12
411	7.751984392	1.590154781e-12
412	7.702290682	-1.964718582e-12
413	7.651628362	-1.587683154e-12
414	7.600004212	9.933692649e-13
415	7.547425102	-3.227719858e-12
416	7.493898172	-1.493311951e-12
417	7.439430622	-1.202558766e-12
418	7.384029922	3.484993734e-13
419	7.327703602	-6.208277039e-13
420	7.270459432	2.118633522e-12
421	7.212305302	2.768221973e-13
422	7.153249252	-2.556336152e-12
423	7.093299472	2.745752639e-12
424	7.032464392	-2.691826237e-12
425	6.970752471	1.052238921e-12
426	6.908172381	5.298269004e-13
427	6.844733001	-2.762379946e-12
428	6.780443241	-9.291069691e-14
429	6.715312251	-5.020772727e-13
430	6.649349331	-2.6019489e-13
431	6.582563841	1.003255772e-12
432	6.514965351	1.866527592e-12
433	6.446563581	-1.541283979e-12
434	6.377368371	7.176705343e-13
435	6.307389711	-9.371959294e-13
436	6.236637681	3.559142537e-13
437	6.165122571	-6.188054638e-13
438	6.092854761	7.10255654e-13
439	6.019844781	3.306250181e-12
440	5.946103281	-1.708343479e-12
441	5.871641061	-3.88944175e-13
442	5.796469011	2.59251178e-12
443	5.720598171	2.346247877e-12
444	5.644039701	-9.883136647e-13
445	5.566804911	2.651381435e-14
446	5.488905201	1.487469924e-13
447	5.410352091	1.480392084e-12
448	5.331157221	-1.65565289e-12
449	5.251332381	-1.463540083e-12
450	5.170889391	9.414651029e-13
451	5.089840281	-1.653518304e-12
452	5.008197111	1.846192844e-12
453	4.925972121	-8.233887517e-13
454	4.843177611	1.711264493e-12
455	4.759825971	-3.990778447e-12
456	4.675929711	1.853720071e-13
457	4.591501491	-1.625656329e-12
458	4.506554	-6.39252558e-14
459	4.42110005	6.984592536e-13
460	4.33515257	-2.440506734e-12
461	4.248724491	-1.786199722e-12
462	4.161828951	-1.955955542e-13
463	4.074479121	-2.917193659e-12
464	3.98668826	3.225472924e-12
465	3.89846969	-2.49836527e-12
466	3.80983685	-2.6036341e-13
467	3.72080327	2.187389684e-13
468	3.63138251	-3.162783482e-12
469	3.54158822	4.457915905e-13
470	3.45143414	5.058408862e-13
471	3.3609341	-1.353777385e-13
472	3.27010193	4.315235633e-13
473	3.17895158	-7.081210673e-13
474	3.08749706	-1.216321234e-12
475	2.99575247	1.528476459e-12
476	2.90373185	2.486119482e-12
477	2.81144948	1.678627785e-12
478	2.71891952	2.232777739e-12
479	2.62615631	-2.331530463e-12
480	2.53317416	2.687276197e-12
481	2.43998747	1.29962629e-12
482	2.3466107	-2.85135851e-13
483	2.25305831	-2.51066723e-13
484	2.15934485	-2.078722367e-12
485	2.06548487	2.816531042e-13
486	1.97149295	-8.033348709e-13
487	1.87738373	-3.179326529e-12
488	1.783171909	-3.436094846e-12
489	1.688872189	2.100321014e-13
490	1.594499239	1.447053209e-12
491	1.500067879	-3.525719402e-13
492	1.405592869	-2.288698295e-12
493	1.311088969	-7.454763354e-13
494	1.216571029	2.562248395e-12
495	1.122053899	-1.89297119e-12
496	1.027552399	-1.24368467e-12
497	0.9330813791	-1.498002424e-12
498	0.838655719	9.509127558e-13
499	0.744290299	-3.961975569e-15
500	0.6499999991	-2.716666042e-12
501	0.5557996991	-3.544693702e-12
502	0.461704279	1.25324818e-12
503	0.3677286189	1.44010878e-12
504	0.2738875988	-1.179801544e-12
505	0.1801960988	9.712650574e-13
506	0.08666896881	-9.890860481e-13
507	-0.006678971176	1.13340939e-12
508	-0.09983287119	1.178432319e-12
509	-0.1927778812	-2.065325026e-12
510	-0.2854992413	-4.381520169e-13
511	-0.3779821914	3.557738204e-13
512	-0.4702119114	-2.322879769e-12
513	-0.5621737314	1.079342555e-12
514	-0.6538529514	2.650257969e-13
515	-0.7452348714	-3.115373187e-12
516	-0.8363048515	-2.919328246e-13
517	-0.9270483116	3.479994307e-12
518	-1.017450702	-2.217273899e-12
519	-1.107497472	1.213007007e-12
520	-1.197174162	-1.972807543e-13
521	-1.286466312	2.064987986e-12
522	-1.375359522	3.595879899e-12
523	-1.463839482	-1.578470727e-14
524	-1.551891852	3.903485084e-13
525	-1.639502472	1.973369276e-12
526	-1.726657062	9.042783548e-13
527	-1.813341582	-1.767269308e-12
528	-1.899541932	-8.215350316e-13
529	-1.985244102	3.084477852e-13
530	-2.070434142	3.042909584e-13
531	-2.155098222	-5.898761961e-13
532	-2.239222512	3.784397612e-13
533	-2.322793272	-2.020611051e-12
534	-2.405796852	1.551788393e-12
535	-2.488219692	1.396019734e-12
536	-2.570048262	3.54790787e-13
537	-2.651269122	1.396244427e-12
538	-2.731868952	-1.350968719e-12
539	-2.811834492	-3.595093472e-13
540	-2.891152572	-5.191539667e-13
541	-2.969810052	3.739234251e-12
542	-3.047794003	4.707325515e-14
543	-3.125091493	-7.946280039e-13
544	-3.201689712	1.902815567e-12
545	-3.277575972	2.25569646e-12
546	-3.352737612	9.546096634e-13
547	-3.427162122	1.221433007e-12
548	-3.500837113	1.921352767e-12
549	-3.573750283	-9.468577431e-13
550	-3.645889393	4.068072957e-13
551	-3.717242383	-2.380625958e-12
552	-3.787797223	-8.74506487e-13
553	-3.857542093	2.098972854e-12
554	-3.926465203	-1.145936044e-14
555	-3.994554913	-1.684301292e-12
556	-4.061799703	-7.082334139e-13
557	-4.128188173	1.680144465e-12
558	-4.193709013	2.397590306e-12
559	-4.258351063	-1.960000022e-12
560	-4.322103283	-4.627559378e-13
561	-4.384954783	1.295694157e-12
562	-4.446894763	1.279066849e-12
563	-4.507912573	-1.689806278e-12
564	-4.567997683	-2.847875763e-12
565	-4.627139713	3.065266571e-12
566	-4.685328373	-1.358720639e-12
567	-4.742553583	-3.837762281e-13
568	-4.798805353	-3.391745997e-13
569	-4.854073843	1.758450094e-12
570	-4.908349333	2.699578157e-12
571	-4.961622253	-3.442189653e-12
572	-5.013883243	1.311759731e-12
573	-5.065123003	1.368382453e-12
574	-5.115332383	1.436239842e-12
575	-5.164502473	2.575659779e-12
576	-5.212624393	-8.682150734e-13
577	-5.259689473	3.792374226e-12
578	-5.305689253	2.470952682e-12
579	-5.350615303	4.084475571e-12
580	-5.394459433	-1.246823355e-12
581	-5.437213603	3.90292335e-12
582	-5.478869923	2.471177375e-12
583	-5.519420623	1.051564841e-13
584	-5.558858173	7.482288288e-14
585	-5.597175103	1.576673181e-12
586	-5.634364214	-1.997299117e-12
587	-5.670418364	-1.30569301e-12
588	-5.705330684	-1.381189973e-12
589	-5.739094393	1.330409278e-12
590	-5.771702893	-3.878207083e-13
591	-5.803149793	-8.515877661e-14
592	-5.833428793	-9.302304358e-14
593	-5.862533864	1.424331095e-12
594	-5.890459064	2.128520029e-12
595	-5.917198634	1.109985109e-13
596	-5.942747084	1.455338776e-12
597	-5.967098924	-1.547238353e-12
598	-5.990249023	-2.487355296e-13
599	-6.012192283	2.804172908e-13
600	-6.032923874	-1.420286615e-12
601	-6.052439084	-1.074932948e-12
602	-6.070733414	-1.975054476e-13
603	-6.087802544	-7.459818954e-13
604	-6.103642304	-2.697892957e-12
605	-6.118248704	3.638234593e-12
606	-6.131617994	2.123352082e-12
607	-6.143746544	-1.921128074e-13
608	-6.154630934	4.997179926e-13
609	-6.164267894	-1.015838599e-12
610	-6.172654394	7.715969364e-13
611	-6.179787524	1.91483666e-12
612	-6.185664584	-6.84640613e-13
613	-6.190283084	3.134696814e-12
614	-6.193640684	-1.441632482e-12
615	-6.195735254	1.704748386e-12
616	-6.196564844	2.217273899e-12
617	-6.196127624	2.127845949e-12
618	-6.194422064	6.549810919e-13
619	-6.191446754	2.144922643e-12
620	-6.187200464	3.535549736e-12
621	-6.181682174	-1.662730731e-13
622	-6.174891044	4.869554108e-12
623	-6.166826414	1.899782207e-12
624	-6.157487834	-5.287034337e-13
625	-6.146875004	6.713837059e-13
626	-6.134987834	1.970785303e-12
627	-6.121826414	1.926745408e-12
628	-6.107391044	-1.399839521e-12
629	-6.091682174	4.570262576e-13
630	-6.074700464	3.615315873e-13
631	-6.056446754	-1.379841813e-12
632	-6.036922064	-8.855164608e-13
633	-6.016127624	-1.28749285e-13
634	-5.994064844	2.995162249e-13
635	-5.970735254	-1.658910944e-12
636	-5.946140684	1.442531256e-13
637	-5.920283084	4.41522417e-13
638	-5.893164584	-3.154694522e-12
639	-5.864787524	-1.875515326e-12
640	-5.835154394	2.953144594e-12
641	-5.804267894	1.28816693e-12
642	-5.772130934	-1.919330527e-12
643	-5.738746544	3.233337191e-13
644	-5.704117993	2.472974922e-12
645	-5.668248703	1.574650941e-12
646	-5.631142303	-1.398041974e-12
647	-5.592802543	9.279835024e-14
648	-5.553233414	2.805745761e-12
649	-5.512439083	6.237487174e-13
650	-5.470423873	2.051450212e-13
651	-5.427192283	1.746316654e-12
652	-5.382749023	1.869448605e-13
653	-5.337098923	4.522627588e-12
654	-5.290247083	-8.776521938e-13
655	-5.242198633	-3.442077306e-12
656	-5.192959063	-1.38433568e-12
657	-5.142533863	1.671718464e-13
658	-5.090928793	1.946069035e-12
659	-5.038149793	1.538700006e-12
660	-4.984202893	1.055159934e-12
661	-4.929094393	1.478706884e-12
662	-4.872830683	7.26658268e-13
663	-4.815418363	2.484883669e-12
664	-4.756864213	-1.035836307e-13
665	-4.697175103	4.588238043e-13
666	-4.636358173	4.635648339e-12
667	-4.574420623	-2.027632718e-12
668	-4.511369923	5.830792225e-13
669	-4.447213603	1.890120393e-12
670	-4.381959433	2.806869228e-12
671	-4.315615303	-4.648905246e-13
672	-4.248189253	5.082563396e-13
673	-4.179689473	3.409946158e-12
674	-4.110124393	2.010556024e-12
675	-4.039502473	1.012468199e-12
676	-3.967832383	9.347243027e-13
677	-3.895123003	1.37557264e-12
678	-3.821383243	1.944496182e-12
679	-3.746622253	-9.958408917e-13
680	-3.670849333	6.862134664e-13
681	-3.594073843	3.296251327e-12
682	-3.516305353	4.66463378e-13
683	-3.437553583	-1.992580557e-12
684	-3.357828373	3.517349575e-12
685	-3.277139713	-1.921128074e-12
686	-3.195497683	3.71193401e-13
687	-3.112912573	3.102565666e-12
688	-3.029394762	-4.002687194e-12
689	-2.944954782	-3.629696246e-12
690	-2.859603282	5.337365646e-12
691	-2.773351062	-1.585885608e-12
692	-2.686209012	2.116611282e-13
693	-2.598188172	-6.336352244e-13
694	-2.509299702	-5.80158209e-13
695	-2.419554912	2.633405968e-13
696	-2.328965202	1.486121764e-12
697	-2.237542092	-1.8932661e-12
698	-2.145297222	2.203792298e-12
699	-2.052242382	-3.342088769e-12
700	-1.958389392	-4.475891372e-13
701	-1.863750282	-9.571936369e-14
702	-1.768337112	-1.539149393e-12
703	-1.672162122	-4.774284131e-12
704	-1.575237612	3.178062629e-12
705	-1.477575972	3.478252934e-13
706	-1.379189712	-3.087286519e-13
707	-1.280091492	1.698681665e-13
708	-1.180294002	1.115827136e-12
709	-1.079810052	3.215361724e-12
710	-0.9786525718	-1.932362741e-13
711	-0.8768344918	8.983239813e-13
712	-0.7743689517	1.196267353e-12
713	-0.6712691216	1.521173925e-12
714	-0.5675482616	-2.498589963e-13
715	-0.4632196916	7.653055228e-13
716	-0.3582968515	-2.551168205e-12
717	-0.2527932715	-4.543299375e-13
718	-0.1467225115	6.074809194e-12
719	-0.04009822146	1.681604971e-12
720	0.06706585859	-4.695192074e-12
721	0.1747558987	4.719458955e-12
722	0.2829580687	3.421180825e-12
723	0.3916584187	3.603631819e-12
724	0.5008429387	-2.00291645e-12
725	0.6104975287	-1.232218287e-12
726	0.7206081488	1.023702866e-12
727	0.8311605188	-8.457457392e-13
728	0.9421404788	-7.846291502e-13
729	1.053533689	1.002132305e-13
730	1.165325839	-1.833947057e-12
731	1.277502529	-8.497902194e-13
732	1.390049299	-4.192777762e-13
733	1.502951689	-1.193571033e-12
734	1.616195149	-5.226367135e-13
735	1.729765129	-5.842026892e-14
736	1.843647049	5.123008197e-14
737	1.957826269	-1.869897992e-12
738	2.072288089	-3.164581029e-12
739	2.187017809	5.087057263e-13
740	2.302000759	-8.178837648e-13
741	2.417222119	-8.637212066e-13
742	2.532667129	-2.274795394e-12
743	2.648321029	6.58351492e-13
744	2.764168969	7.751920299e-13
745	2.880196099	3.694407929e-12
746	2.9963876	8.556322463e-13
747	3.11272862	4.871351654e-13
748	3.22920428	3.055829451e-14
749	3.3457997	8.718101669e-13
750	3.4625	1.481627897e-12
751	3.5792903	9.819099045e-13
752	3.69615572	-1.025051026e-12
753	3.81308138	-6.592502654e-13
754	3.9300524	-8.583285664e-13
755	4.0470539	-5.352195406e-13
756	4.16407103	-2.849111576e-13
757	4.28108897	4.727547915e-13
758	4.39809287	-1.087066389e-12
759	4.51506788	1.772381082e-12
760	4.63199924	-1.535104912e-12
761	4.74887219	-1.017860839e-12
762	4.86567191	2.570042446e-12
763	4.98238373	1.460506723e-13
764	5.09899295	1.330633971e-12
765	5.21548487	-7.657549095e-13
766	5.33184485	1.452867149e-12
767	5.44805831	2.413206493e-13
768	5.5641107	-6.309389043e-13
769	5.67998747	2.064931813e-12
770	5.79567416	-3.581611871e-13
771	5.91115631	-4.529817774e-13
772	6.02641952	-1.195817966e-12
773	6.14144948	-1.939103541e-12
774	6.25623185	-4.278161231e-13
775	6.370752471	-1.349508212e-12
776	6.484997061	7.316015215e-13
777	6.598951581	1.051564841e-13
778	6.712601931	-4.997179926e-13
779	6.825934101	4.723054049e-13
780	6.938934141	5.756643422e-13
781	7.051588221	8.641705933e-13
782	7.163882511	-7.262088813e-13
783	7.275803271	3.914158017e-13
784	7.387336851	-3.914158017e-13
785	7.498469691	1.150429911e-13
786	7.609188261	-1.750810521e-12
787	7.719479121	6.695861591e-14
788	7.829328951	-4.57925031e-13
789	7.938724491	-8.794497405e-13
790	8.047652571	1.005727399e-12
791	8.156100051	-1.149531138e-12
792	8.264054001	7.311521348e-13
793	8.371501491	-1.684750678e-12
794	8.478429711	-2.907531845e-13
795	8.584825971	1.986289143e-13
796	8.690677611	-2.103129681e-13
797	8.795972121	-2.051899599e-12
798	8.900697111	-1.262776582e-13
799	9.004840281	-2.696320104e-13
800	9.108389391	-8.798991272e-13
801	9.211332381	-3.093577933e-12
802	9.313657222	2.241990166e-12
803	9.415352092	-1.575999101e-12
804	9.516405202	-2.290973315e-12
805	9.616804911	-7.513745356e-13
806	9.716539701	2.992465929e-12
807	9.815598172	-2.962357021e-12
808	9.913969012	4.49386684e-15
809	10.01164106	1.074034175e-12
810	10.10860328	2.685085437e-12
811	10.20484478	-2.883264964e-12
812	10.30035476	1.240307248e-13
813	10.39512257	2.602398287e-12
814	10.48913768	8.102441912e-13
815	10.58238971	-2.053247759e-12
816	10.67486837	-2.94348278e-13
817	10.76656358	4.466004865e-12
818	10.85746535	-1.531959206e-12
819	10.94756384	-1.856416392e-12
820	11.03684933	2.395231026e-13
821	11.12531225	3.341189995e-12
822	11.21294324	-9.962902784e-13
823	11.299733	2.073020773e-12
824	11.38567238	3.544762163e-12
825	11.47075247	-7.437799007e-12
826	11.55496439	2.555212685e-12
827	11.63829947	2.195703338e-12
828	11.72074925	-2.184918058e-12
829	11.8023053	-2.624418234e-12
830	11.88295943	-2.643292475e-12
831	11.9627036	2.137058376e-12
832	12.04152992	-6.04829538e-12
833	12.11943062	-2.391186545e-12
834	12.19639817	2.356359077e-12
835	12.2724251	2.444663561e-12
836	12.34750421	-7.490826635e-12
837	12.42162836	-7.18119921e-13
838	12.49479068	-4.143345226e-13
839	12.56698439	5.774618889e-13
840	12.63820289	-4.885956722e-12
841	12.70843979	-1.522072699e-12
842	12.77768879	1.039656093e-12
843	12.84594386	-3.298947647e-12
844	12.91319906	-3.370175436e-12
845	12.97944863	3.824055987e-12
846	13.04468708	1.363663893e-12
847	13.10890892	-5.406121808e-13
848	13.17210902	-8.044021643e-13
849	13.23428228	4.616324711e-12
850	13.29542387	3.920898818e-13
851	13.35552908	6.246474907e-14
852	13.41459341	-7.282311214e-13
853	13.47261254	4.082678024e-13
854	13.5295823	-3.072232065e-12
855	13.5854987	9.556207835e-13
856	13.64035799	-5.902020014e-12
857	13.69415654	2.300859822e-12
858	13.74689093	-2.065156506e-12
859	13.79855789	2.082457894e-12
860	13.84915439	1.504771311e-12
861	13.89867752	2.990443689e-12
862	13.94712458	-2.490051616e-12
863	13.99449308	3.879330549e-12
864	14.04078068	1.82203831e-12
865	14.08598525	1.321196851e-13
866	14.13010484	-2.926181393e-12
867	14.17313762	-2.409611399e-12
868	14.21508206	2.953369287e-12
869	14.25593675	-5.250409322e-12
870	14.29570046	-4.138851359e-13
871	14.33437217	-4.663735006e-12
872	14.37195104	-5.877977826e-13
873	14.40843641	-2.959660701e-12
874	14.44382783	7.662042962e-13
875	14.478125	2.042462479e-13
876	14.51132783	-3.401632504e-12
877	14.54343641	-5.444769063e-12
878	14.57445104	5.855508492e-13
879	14.60437217	-3.413091865e-13
880	14.63320046	-3.822483134e-12
881	14.66093675	-1.839789084e-12
882	14.68758206	1.834396444e-12
883	14.71313762	-1.003705159e-12
884	14.73760484	-4.137278506e-12
885	14.76098525	-4.186036961e-13
886	14.78328068	3.624977686e-12
887	14.80449308	-4.354332274e-12
888	14.82462458	-2.675423623e-12
889	14.84367752	-2.978534941e-12
890	14.86165439	4.807988132e-12
891	14.87855789	-1.89596242e-12
892	14.89439093	-2.862593177e-13
893	14.90915654	5.734174088e-13
894	14.92285799	6.83292453e-13
895	14.9354987	-2.543079245e-12
896	14.9470823	2.223565312e-12
897	14.95761254	1.692839639e-12
898	14.96709341	-3.546784403e-12
899	14.97552908	-2.93876422e-12
900	14.98292387	-3.12099052e-13
901	14.98928228	-1.545440806e-12
902	14.99460902	1.273112476e-12
903	14.99890892	-7.043237498e-12
904	15.00218708	-1.626779796e-13
905	15.00444863	3.168176122e-12
906	15.00569906	-4.660364606e-12
907	15.00594386	3.597340405e-13
908	15.00518879	-1.021455933e-12
909	15.00343979	-4.162668854e-12
910	15.00070289	-3.855737749e-13
911	14.99698439	8.088960312e-15
912	14.99229068	-3.813270707e-12
913	14.98662836	-9.794382777e-13
914	14.98000421	-2.806869228e-12
915	14.9724251	-2.193905791e-12
916	14.96389817	4.92752499e-13
917	14.95443062	-5.196932307e-12
918	14.94402992	2.141552242e-12
919	14.9327036	2.653853062e-12
920	14.92045943	-6.546440519e-12
921	14.9073053	3.374893997e-13
922	14.89324925	-2.514318497e-13
923	14.87829947	2.282210275e-12
924	14.86246439	-4.927749683e-12
925	14.84575247	-5.129748998e-13
926	14.82817238	-6.094357515e-12
927	14.809733	4.600259137e-12
928	14.79044324	-2.626777515e-12
929	14.77031225	-3.173568762e-12
930	14.74934933	-1.879559806e-13
931	14.72756384	-5.027850567e-12
932	14.70496535	2.994375822e-12
933	14.68156358	2.261875527e-12
934	14.65736837	-1.864954739e-14
935	14.63238971	-3.302205701e-12
936	14.60663768	-1.582739901e-12
937	14.58012257	-3.883824416e-13
938	14.55285476	1.986850877e-12
939	14.52484478	-1.909893407e-14
940	14.49610328	-3.007295689e-12
941	14.46664106	1.000671799e-12
942	14.43646901	-3.044707131e-12
943	14.40559817	-4.101215225e-12
944	14.3740397	6.912690666e-13
945	14.34180491	3.271647406e-12
946	14.3089052	-2.892814431e-12
947	14.27535209	-5.254453802e-12
948	14.24115722	-1.489716857e-13
949	14.20633238	2.995948675e-12
950	14.17088939	-4.442187371e-13
951	14.13484028	-3.483308534e-12
952	14.09819711	3.522966909e-12
953	14.06097212	-3.144583321e-12
954	14.02317761	-2.507577697e-13
955	13.98482597	-1.623184703e-12
956	13.94592971	2.535664364e-13
957	13.90650149	-4.445220731e-12
958	13.866554	-1.344564958e-12
959	13.82610005	-3.866185989e-12
960	13.78515257	3.714742676e-12
961	13.74372449	-3.029427983e-12
962	13.70182895	-3.292319193e-12
963	13.65947912	4.626323565e-12
964	13.61668826	2.280637421e-14
965	13.57346969	-2.033587092e-12
966	13.52983685	3.29158894e-12
967	13.48580327	-1.82692539e-12
968	13.44138251	-1.48218963e-12
969	13.39658822	-1.46567467e-12
970	13.35143414	8.350728055e-13
971	13.3059341	-4.614920378e-12
972	13.26010193	-1.428937308e-12
973	13.21395158	-2.079930093e-12
974	13.16749706	-2.23935002e-12
975	13.12075247	-4.14576068e-12
976	13.07373185	9.152321553e-13
977	13.02644948	5.516783279e-13
978	12.97891952	1.967639596e-12
979	12.93115631	-5.638286204e-12
980	12.88317416	1.592008501e-12
981	12.83498747	1.651159024e-12
982	12.7866107	-2.795409868e-12
983	12.73805831	-4.258753344e-12
984	12.68934485	-1.598412262e-13
985	12.64048487	2.172896964e-12
986	12.59149295	8.480769327e-13
987	12.54238373	-2.49937639e-12
988	12.49317191	-2.656184256e-12
989	12.44387219	5.158341225e-12
990	12.39449924	-9.186306421e-13
991	12.34506788	-1.350069945e-12
992	12.29559287	9.86347598e-13
993	12.24608897	-1.923459267e-12
994	12.19657103	7.391989651e-13
995	12.1470539	-7.555313624e-13
996	12.0975524	-2.275413301e-12
997	12.04808138	2.767653218e-12
998	11.99865572	9.694464457e-14
999	11.9492903	-2.023268752e-12
